Days              : 0
Hours             : 0
Minutes           : 0
Seconds           : 1
Milliseconds      : 288
Ticks             : 12886161
TotalDays         : 1.49145381944444E-05
TotalHours        : 0.000357948916666667
TotalMinutes      : 0.021476935
TotalSeconds      : 1.2886161
TotalMilliseconds : 1288.6161

Total Co2: 0.00715181742207585